File ADT# Time#1       Ignore
File1 1   0.349515     5e-06      
File1 2   0.252018     2e-05      
File1 3   0.22746     3e-06      
File1 4   0.34115     1e-06      
File1 5   0.236583     3e-06      
File1 6   0.605905     2e-06      
File1 8   0.709     3e-06      
File1 9   0.383688     9e-06      
File1 10   0.563011           
File1 11   0.438602           
File1 12   0.248103           
File1 13   0.234552     1e-05      
File1 14   0.401595           
File2 1   161.495     1e-06      
File2 2   0.344088     3e-06      
File2 3   0.284753     3e-06      
File2 4   0.445183     4e-06      
File2 5   0.274009     2e-06      
File2 6   0.585867     3e-06      
File2 8   0.592272     3e-06      
File2 9   0.297372     3e-06      
File2 10   0.838806           
File2 11   0.379454           
File2 12   0.254094           
File2 13   0.360136     1e-06      
File2 14   0.300052           
File3 1   0.274685     3e-06      
File3 2   0.255577     1e-05      
File3 3   0.216685     1.1e-05      
File3 4   0.327104     3e-06      
File3 5   0.224521     2e-06      
File3 6   0.495133     1e-06      
File3 8   0.56519     1e-06      
File3 9   0.328574     2e-06      
File3 10   0.557205           
File3 11   0.33863           
File3 12   0.263926           
File3 13   0.356518     9e-06      
File3 14   0.300466           
File4 1   84.2156     1e-06      
File4 2   0.281372     2e-06      
File4 3   0.241441     2e-06      
File4 4   0.291502     3e-06      
File4 5   0.242039     3e-06      
File4 6   0.848829     1e-06      
File4 8   0.896014     2e-06      
File4 9   0.734493     2e-06      
File4 10   1.02839           
File4 11   0.448298           
File4 12   0.269312           
File4 13   0.405288     2e-06      
File4 14   0.403728           
